subset = 3
des_accs =

    0.3216    0.3157    0.3209    0.3194
    0.3902    0.4072    0.3922    0.3965
    0.2980    0.3111    0.2895    0.2996
    0.3725    0.3771    0.3810    0.3769
    0.5052    0.5033    0.5235    0.5107


des_accs =

    0.4196    0.4020    0.4039    0.4085
    0.4712    0.4843    0.4758    0.4771
    0.3993    0.4216    0.4078    0.4096
    0.4647    0.4712    0.4686    0.4682
    0.5680    0.5837    0.5850    0.5789

subset = 5
des_accs =

    0.4288    0.3987    0.4124    0.4133
    0.4791    0.4889    0.4778    0.4819
    0.3941    0.4105    0.4176    0.4074
    0.4582    0.4765    0.4810    0.4719
    0.5771    0.5758    0.5915    0.5815

des_accs =

    0.4176    0.3961    0.4170    0.4102
    0.4778    0.4902    0.4830    0.4837
    0.3987    0.4137    0.4248    0.4124
    0.4634    0.4765    0.4745    0.4715
    0.5706    0.5784    0.5889    0.5793

subset = 10

des_accs =

    0.3987    0.3686    0.3641    0.3771
    0.4431    0.4614    0.4601    0.4549
    0.3797    0.3797    0.3876    0.3824
    0.4190    0.4412    0.4333    0.4312
    0.5647    0.5575    0.5699    0.5641

subset = 50
des_accs =

    0.4294    0.3948    0.3980    0.4074
    0.4830    0.5065    0.4863    0.4919
    0.4026    0.4137    0.4248    0.4137
    0.4608    0.4771    0.4739    0.4706
    0.5778    0.5856    0.5876    0.5837
subset = 100
des_accs =

    0.4307    0.4052    0.4059    0.4139
    0.4869    0.5039    0.4837    0.4915
    0.4033    0.4072    0.4386    0.4163
    0.4595    0.4778    0.4771    0.4715
    0.5739    0.5895    0.5895    0.5843

des_accs =

    0.4268    0.3980    0.4007    0.4085
    0.4876    0.5059    0.4863    0.4932
    0.4039    0.4216    0.4438    0.4231
    0.4647    0.4882    0.4915    0.4815
    0.5817    0.5941    0.5928    0.5895

subset = 200

des_accs =

    0.4327    0.4007    0.4026    0.4120
    0.4928    0.5000    0.4869    0.4932
    0.4007    0.4092    0.4340    0.4146
    0.4582    0.4739    0.4784    0.4702
    0.5739    0.5889    0.5908    0.5845
subset = 500
    des_accs =

    0.4320    0.4000    0.4020    0.4113
    0.4876    0.5039    0.4837    0.4917
    0.4052    0.4072    0.4366    0.4163
    0.4621    0.4765    0.4791    0.4725
    0.5758    0.5882    0.5895    0.5845

Power-L2+ran
subset = 3
des_accs =

    0.4255    0.3993    0.3902    0.4050
    0.4752    0.4856    0.4771    0.4793
    0.3987    0.4052    0.4229    0.4089
    0.4739    0.4856    0.4791    0.4795
    0.5797    0.5771    0.5778    0.5782

subset =10
des_accs =

    0.4392    0.3948    0.4007    0.4115
    0.4863    0.4889    0.4908    0.4887
    0.3993    0.4203    0.4294    0.4163
    0.4660    0.4863    0.4758    0.4760
    0.5817    0.5935    0.5863    0.5871
subset = 50
des_accs =

    0.4281    0.4007    0.3987    0.4092
    0.4869    0.5033    0.4902    0.4935
    0.4039    0.4203    0.4373    0.4205
    0.4693    0.4869    0.4843    0.4802
    0.5837    0.5941    0.5922    0.5900


Power-intra-l2+ran
subset =3;
des_accs =

    0.4033    0.3987    0.3882    0.3967
    0.4922    0.4771    0.4791    0.4828
    0.3961    0.4281    0.4150    0.4131
    0.4693    0.4974    0.4784    0.4817
    0.5673    0.5895    0.5869    0.5813
subset = 5
des_accs =

    0.4176    0.4137    0.4144    0.4153
    0.4974    0.4895    0.4804    0.4891
    0.4046    0.4124    0.4118    0.4096
    0.4810    0.4954    0.4725    0.4830
    0.5745    0.5882    0.5908    0.5845
des_accs =

    0.4196    0.3902    0.4072    0.4057
    0.4908    0.4902    0.4843    0.4885
    0.4007    0.4033    0.4288    0.4109
    0.4621    0.4725    0.4824    0.4723
    0.5719    0.5882    0.5869    0.5824



