subset = 3
des_accs =

    0.3216    0.3157    0.3209    0.3194
    0.3902    0.4072    0.3922    0.3965
    0.2980    0.3111    0.2895    0.2996
    0.3725    0.3771    0.3810    0.3769
    0.5052    0.5033    0.5235    0.5107
subset = 10
